R_V1_ROI
1 62 0 255 255
R_MST_ROI
2 50 112 128 255
R_V6_ROI
3 67 90 180 255
R_V2_ROI
4 27 56 234 255
R_V3_ROI
5 19 44 232 255
R_V4_ROI
6 17 47 220 255
R_V8_ROI
7 23 68 210 255
R_4_ROI
8 31 186 26 255
R_3b_ROI
9 40 197 24 255
R_FEF_ROI
10 137 155 150 255
R_PEF_ROI
11 157 182 167 255
R_55b_ROI
12 105 107 74 255
R_V3A_ROI
13 19 72 247 255
R_RSC_ROI
14 149 69 136 255
R_POS2_ROI
15 205 111 205 255
R_V7_ROI
16 28 96 192 255
R_IPS1_ROI
17 63 141 175 255
R_FFC_ROI
18 52 108 122 255
R_V3B_ROI
19 40 80 222 255
R_LO1_ROI
20 13 67 200 255
R_LO2_ROI
21 19 66 182 255
R_PIT_ROI
22 37 74 184 255
R_MT_ROI
23 31 99 108 255
R_A1_ROI
24 232 10 46 255
R_PSL_ROI
25 189 148 136 255
R_SFL_ROI
26 66 60 47 255
R_PCV_ROI
27 130 146 157 255
R_STV_ROI
28 139 115 106 255
R_7Pm_ROI
29 153 213 197 255
R_7m_ROI
30 47 48 53 255
R_POS1_ROI
31 83 83 118 255
R_23d_ROI
32 135 56 98 255
R_v23ab_ROI
33 26 11 25 255
R_d23ab_ROI
34 60 16 44 255
R_31pv_ROI
35 68 17 50 255
R_5m_ROI
36 43 177 49 255
R_5mv_ROI
37 139 165 129 255
R_23c_ROI
38 205 197 195 255
R_5L_ROI
39 64 163 67 255
R_24dd_ROI
40 69 167 48 255
R_24dv_ROI
41 112 161 66 255
R_7AL_ROI
42 113 187 122 255
R_SCEF_ROI
43 141 153 111 255
R_6ma_ROI
44 150 176 139 255
R_7Am_ROI
45 169 249 216 255
R_7PL_ROI
46 154 253 227 255
R_7PC_ROI
47 71 182 106 255
R_LIPv_ROI
48 61 129 171 255
R_VIP_ROI
49 54 137 147 255
R_MIP_ROI
50 126 210 197 255
R_1_ROI
51 28 199 44 255
R_2_ROI
52 51 185 69 255
R_3a_ROI
53 44 225 29 255
R_6d_ROI
54 31 165 41 255
R_6mp_ROI
55 67 163 47 255
R_6v_ROI
56 89 185 66 255
R_p24pr_ROI
57 152 148 120 255
R_33pr_ROI
58 117 96 97 255
R_a24pr_ROI
59 176 134 132 255
R_p32pr_ROI
60 176 149 134 255
R_a24_ROI
61 73 18 38 255
R_d32_ROI
62 109 46 65 255
R_8BM_ROI
63 130 82 92 255
R_p32_ROI
64 112 55 80 255
R_10r_ROI
65 26 4 8 255
R_47m_ROI
66 79 52 50 255
R_8Av_ROI
67 79 68 65 255
R_8Ad_ROI
68 55 62 44 255
R_9m_ROI
69 43 25 19 255
R_8BL_ROI
70 35 36 22 255
R_9p_ROI
71 62 53 49 255
R_10d_ROI
72 28 23 18 255
R_8C_ROI
73 119 89 94 255
R_44_ROI
74 137 102 94 255
R_45_ROI
75 91 66 57 255
R_47l_ROI
76 51 26 27 255
R_a47r_ROI
77 82 70 69 255
R_6r_ROI
78 191 215 163 255
R_IFJa_ROI
79 138 123 104 255
R_IFJp_ROI
80 130 156 136 255
R_IFSp_ROI
81 124 112 111 255
R_IFSa_ROI
82 212 214 196 255
R_p9-46v_ROI
83 149 143 137 255
R_46_ROI
84 193 213 191 255
R_a9-46v_ROI
85 177 134 155 255
R_9-46d_ROI
86 160 135 151 255
R_9a_ROI
87 64 55 55 255
R_10v_ROI
88 0 18 4 255
R_a10p_ROI
89 104 91 112 255
R_10pp_ROI
90 42 49 51 255
R_11l_ROI
91 106 98 108 255
R_13l_ROI
92 95 85 88 255
R_OFC_ROI
93 41 38 36 255
R_47s_ROI
94 65 37 38 255
R_LIPd_ROI
95 145 187 199 255
R_6a_ROI
96 119 200 143 255
R_i6-8_ROI
97 107 122 107 255
R_s6-8_ROI
98 99 93 83 255
R_43_ROI
99 160 141 69 255
R_OP4_ROI
100 119 163 49 255
R_OP1_ROI
101 94 154 36 255
R_OP2-3_ROI
102 137 130 53 255
R_52_ROI
103 198 69 61 255
R_RI_ROI
104 167 86 44 255
R_PFcm_ROI
105 181 153 90 255
R_PoI2_ROI
106 126 126 86 255
R_TA2_ROI
107 137 43 34 255
R_FOP4_ROI
108 204 158 148 255
R_MI_ROI
109 169 130 118 255
R_Pir_ROI
110 52 65 75 255
R_AVI_ROI
111 155 81 96 255
R_AAIC_ROI
112 78 42 53 255
R_FOP1_ROI
113 161 141 91 255
R_FOP3_ROI
114 186 146 113 255
R_FOP2_ROI
115 97 163 54 255
R_PFt_ROI
116 104 209 117 255
R_AIP_ROI
117 132 228 172 255
R_EC_ROI
118 44 51 38 255
R_PreS_ROI
119 83 62 90 255
R_H_ROI
120 59 61 44 255
R_ProS_ROI
121 85 73 178 255
R_PeEc_ROI
122 52 63 51 255
R_STGa_ROI
123 51 50 31 255
R_PBelt_ROI
124 192 29 10 255
R_A5_ROI
125 110 39 3 255
R_PHA1_ROI
126 60 62 78 255
R_PHA3_ROI
127 76 106 114 255
R_STSda_ROI
128 70 56 40 255
R_STSdp_ROI
129 93 58 48 255
R_STSvp_ROI
130 89 49 61 255
R_TGd_ROI
131 31 38 28 255
R_TE1a_ROI
132 7 12 0 255
R_TE1p_ROI
133 105 109 104 255
R_TE2a_ROI
134 65 63 59 255
R_TF_ROI
135 59 81 64 255
R_TE2p_ROI
136 95 134 120 255
R_PHT_ROI
137 194 250 212 255
R_PH_ROI
138 70 144 166 255
R_TPOJ1_ROI
139 126 100 82 255
R_TPOJ2_ROI
140 138 176 143 255
R_TPOJ3_ROI
141 97 155 140 255
R_DVT_ROI
142 125 137 203 255
R_PGp_ROI
143 144 214 221 255
R_IP2_ROI
144 185 181 181 255
R_IP1_ROI
145 124 123 129 255
R_IP0_ROI
146 107 179 215 255
R_PFop_ROI
147 170 201 136 255
R_PF_ROI
148 255 255 221 255
R_PFm_ROI
149 160 124 134 255
R_PGi_ROI
150 54 62 49 255
R_PGs_ROI
151 89 79 76 255
R_V6A_ROI
152 50 100 170 255
R_VMV1_ROI
153 51 76 166 255
R_VMV3_ROI
154 42 69 171 255
R_PHA2_ROI
155 74 102 97 255
R_V4t_ROI
156 13 105 128 255
R_FST_ROI
157 73 164 149 255
R_V3CD_ROI
158 22 73 204 255
R_LO3_ROI
159 56 109 170 255
R_VMV2_ROI
160 59 76 173 255
R_31pd_ROI
161 78 27 60 255
R_31a_ROI
162 141 107 134 255
R_VVC_ROI
163 53 80 135 255
R_25_ROI
164 26 19 12 255
R_s32_ROI
165 27 19 9 255
R_pOFC_ROI
166 77 53 61 255
R_PoI1_ROI
167 166 107 103 255
R_Ig_ROI
168 108 130 41 255
R_FOP5_ROI
169 184 106 119 255
R_p10p_ROI
170 92 70 83 255
R_p47r_ROI
171 149 122 122 255
R_TGv_ROI
172 56 65 54 255
R_MBelt_ROI
173 188 17 26 255
R_LBelt_ROI
174 216 24 28 255
R_A4_ROI
175 150 40 8 255
R_STSva_ROI
176 49 40 35 255
R_TE1m_ROI
177 82 54 59 255
R_PI_ROI
178 129 59 62 255
R_a32pr_ROI
179 152 81 109 255
R_p24_ROI
180 122 44 81 255
L_V1_ROI
181 63 5 255 255
L_MST_ROI
182 54 103 129 255
L_V6_ROI
183 62 78 178 255
L_V2_ROI
184 23 50 233 255
L_V3_ROI
185 15 40 226 255
L_V4_ROI
186 14 28 214 255
L_V8_ROI
187 26 47 201 255
L_4_ROI
188 33 178 20 255
L_3b_ROI
189 35 205 21 255
L_FEF_ROI
190 134 143 137 255
L_PEF_ROI
191 141 166 152 255
L_55b_ROI
192 62 88 47 255
L_V3A_ROI
193 7 57 246 255
L_RSC_ROI
194 153 64 133 255
L_POS2_ROI
195 186 86 188 255
L_V7_ROI
196 18 70 195 255
L_IPS1_ROI
197 57 114 160 255
L_FFC_ROI
198 57 89 117 255
L_V3B_ROI
199 25 47 206 255
L_LO1_ROI
200 0 49 184 255
L_LO2_ROI
201 18 33 181 255
L_PIT_ROI
202 34 43 171 255
L_MT_ROI
203 31 86 104 255
L_A1_ROI
204 235 19 47 255
L_PSL_ROI
205 122 79 56 255
L_SFL_ROI
206 31 49 22 255
L_PCV_ROI
207 138 128 153 255
L_STV_ROI
208 142 87 76 255
L_7Pm_ROI
209 149 181 188 255
L_7m_ROI
210 42 31 44 255
L_POS1_ROI
211 81 54 98 255
L_23d_ROI
212 127 56 91 255
L_v23ab_ROI
213 29 0 14 255
L_d23ab_ROI
214 63 17 47 255
L_31pv_ROI
215 54 11 42 255
L_5m_ROI
216 48 163 48 255
L_5mv_ROI
217 153 172 136 255
L_23c_ROI
218 205 190 194 255
L_5L_ROI
219 64 154 64 255
L_24dd_ROI
220 69 161 44 255
L_24dv_ROI
221 119 159 66 255
L_7AL_ROI
222 115 194 134 255
L_SCEF_ROI
223 110 146 86 255
L_6ma_ROI
224 144 179 135 255
L_7Am_ROI
225 184 243 224 255
L_7PL_ROI
226 169 246 237 255
L_7PC_ROI
227 68 177 108 255
L_LIPv_ROI
228 63 113 158 255
L_VIP_ROI
229 50 129 137 255
L_MIP_ROI
230 136 206 204 255
L_1_ROI
231 20 191 38 255
L_2_ROI
232 48 176 62 255
L_3a_ROI
233 47 216 22 255
L_6d_ROI
234 26 158 32 255
L_6mp_ROI
235 64 159 38 255
L_6v_ROI
236 71 168 50 255
L_p24pr_ROI
237 146 136 107 255
L_33pr_ROI
238 129 106 103 255
L_a24pr_ROI
239 176 133 130 255
L_p32pr_ROI
240 163 142 121 255
L_a24_ROI
241 67 12 25 255
L_d32_ROI
242 90 41 50 255
L_8BM_ROI
243 105 83 81 255
L_p32_ROI
244 95 32 52 255
L_10r_ROI
245 25 12 1 255
L_47m_ROI
246 96 75 66 255
L_8Av_ROI
247 53 54 43 255
L_8Ad_ROI
248 63 67 48 255
L_9m_ROI
249 43 35 18 255
L_8BL_ROI
250 34 39 20 255
L_9p_ROI
251 38 43 28 255
L_10d_ROI
252 38 35 24 255
L_8C_ROI
253 101 85 84 255
L_44_ROI
254 88 88 62 255
L_45_ROI
255 60 63 42 255
L_47l_ROI
256 51 49 31 255
L_a47r_ROI
257 77 76 66 255
L_6r_ROI
258 178 214 151 255
L_IFJa_ROI
259 126 119 95 255
L_IFJp_ROI
260 137 160 132 255
L_IFSp_ROI
261 97 98 87 255
L_IFSa_ROI
262 188 201 178 255
L_p9-46v_ROI
263 138 149 134 255
L_46_ROI
264 207 217 200 255
L_a9-46v_ROI
265 145 112 128 255
L_9-46d_ROI
266 140 117 131 255
L_9a_ROI
267 55 52 45 255
L_10v_ROI
268 14 35 14 255
L_a10p_ROI
269 98 75 89 255
L_10pp_ROI
270 55 62 58 255
L_11l_ROI
271 129 106 118 255
L_13l_ROI
272 82 60 69 255
L_OFC_ROI
273 40 35 31 255
L_47s_ROI
274 66 35 33 255
L_LIPd_ROI
275 155 180 202 255
L_6a_ROI
276 121 192 136 255
L_i6-8_ROI
277 90 98 83 255
L_s6-8_ROI
278 88 92 73 255
L_43_ROI
279 145 138 64 255
L_OP4_ROI
280 114 157 49 255
L_OP1_ROI
281 99 158 35 255
L_OP2-3_ROI
282 145 127 52 255
L_52_ROI
283 208 72 66 255
L_RI_ROI
284 178 61 23 255
L_PFcm_ROI
285 190 144 89 255
L_PoI2_ROI
286 131 124 83 255
L_TA2_ROI
287 130 42 27 255
L_FOP4_ROI
288 182 148 129 255
L_MI_ROI
289 157 116 106 255
L_Pir_ROI
290 90 66 65 255
L_AVI_ROI
291 141 72 83 255
L_AAIC_ROI
292 85 35 44 255
L_FOP1_ROI
293 160 153 88 255
L_FOP3_ROI
294 175 137 99 255
L_FOP2_ROI
295 99 156 51 255
L_PFt_ROI
296 129 222 134 255
L_AIP_ROI
297 136 220 166 255
L_EC_ROI
298 49 48 35 255
L_PreS_ROI
299 86 57 83 255
L_H_ROI
300 60 57 40 255
L_ProS_ROI
301 87 59 176 255
L_PeEc_ROI
302 61 62 51 255
L_STGa_ROI
303 58 42 26 255
L_PBelt_ROI
304 195 30 5 255
L_A5_ROI
305 99 39 6 255
L_PHA1_ROI
306 69 50 75 255
L_PHA3_ROI
307 96 102 113 255
L_STSda_ROI
308 77 51 34 255
L_STSdp_ROI
309 73 57 39 255
L_STSvp_ROI
310 71 59 57 255
L_TGd_ROI
311 35 34 23 255
L_TE1a_ROI
312 11 14 0 255
L_TE1p_ROI
313 96 102 94 255
L_TE2a_ROI
314 67 64 58 255
L_TF_ROI
315 64 72 56 255
L_TE2p_ROI
316 105 128 117 255
L_PHT_ROI
317 217 252 223 255
L_PH_ROI
318 88 131 163 255
L_TPOJ1_ROI
319 125 90 64 255
L_TPOJ2_ROI
320 156 162 138 255
L_TPOJ3_ROI
321 121 148 145 255
L_DVT_ROI
322 120 112 190 255
L_PGp_ROI
323 155 190 228 255
L_IP2_ROI
324 176 166 174 255
L_IP1_ROI
325 118 121 128 255
L_IP0_ROI
326 112 160 207 255
L_PFop_ROI
327 187 205 145 255
L_PF_ROI
328 255 255 226 255
L_PFm_ROI
329 133 105 114 255
L_PGi_ROI
330 53 62 46 255
L_PGs_ROI
331 62 67 57 255
L_V6A_ROI
332 41 89 166 255
L_VMV1_ROI
333 62 61 155 255
L_VMV3_ROI
334 49 53 159 255
L_PHA2_ROI
335 88 90 89 255
L_V4t_ROI
336 14 79 128 255
L_FST_ROI
337 92 157 153 255
L_V3CD_ROI
338 15 46 182 255
L_LO3_ROI
339 54 94 160 255
L_VMV2_ROI
340 67 62 161 255
L_31pd_ROI
341 56 22 45 255
L_31a_ROI
342 143 105 133 255
L_VVC_ROI
343 53 61 124 255
L_25_ROI
344 36 24 14 255
L_s32_ROI
345 46 35 21 255
L_pOFC_ROI
346 76 48 53 255
L_PoI1_ROI
347 164 104 97 255
L_Ig_ROI
348 110 123 36 255
L_FOP5_ROI
349 163 102 105 255
L_p10p_ROI
350 89 64 76 255
L_p47r_ROI
351 126 123 112 255
L_TGv_ROI
352 46 51 42 255
L_MBelt_ROI
353 187 30 24 255
L_LBelt_ROI
354 233 18 27 255
L_A4_ROI
355 152 39 4 255
L_STSva_ROI
356 40 33 22 255
L_TE1m_ROI
357 59 45 43 255
L_PI_ROI
358 122 50 50 255
L_a32pr_ROI
359 130 63 87 255
L_p24_ROI
360 123 35 74 255
Visual-1
1010 0 0 255 255
Visual-2
1020 0 0 255 255
Visual-3
1030 0 0 255 255
Visual-4
1040 0 0 255 255
Visual-5
1050 0 0 255 255
Visual-6
1060 0 0 255 255
Visual-7
1070 0 0 255 255
Visual-8
1080 0 0 255 255
Visual-9
1090 0 0 255 255
Visual-10
1100 0 0 255 255
Visual-11
1110 0 0 255 255
Visual-12
1120 0 0 255 255
Visual-13
1130 0 0 255 255
Visual-14
1140 0 0 255 255
Visual-15
1150 0 0 255 255
Visual-16
1160 0 0 255 255
Visual-17
1170 0 0 255 255
Visual-18
1180 0 0 255 255
Visual-19
1190 0 0 255 255
Visual-20
1200 0 0 255 255
Visual-21
1210 0 0 255 255
Visual-22
1220 0 0 255 255
Visual-23
1230 0 0 255 255
Visual-24
1240 0 0 255 255
Visual-25
1250 0 0 255 255
Visual-26
1260 0 0 255 255
Visual-27
1270 0 0 255 255
Visual-28
1280 0 0 255 255
Visual-29
1290 0 0 255 255
Visual-30
1300 0 0 255 255
Visual-31
1310 0 0 255 255
Visual-32
1320 0 0 255 255
Visual-33
1330 0 0 255 255
Visual-34
1340 0 0 255 255
Visual-35
1350 0 0 255 255
Visual-36
1360 0 0 255 255
Visual-37
1370 0 0 255 255
Visual-38
1380 0 0 255 255
Visual-39
1390 0 0 255 255
Visual-40
1400 0 0 255 255
Visual-41
1410 0 0 255 255
Visual-42
1420 0 0 255 255
Visual-43
1430 0 0 255 255
Visual-44
1440 0 0 255 255
Visual-45
1450 0 0 255 255
Visual-46
1460 0 0 255 255
Visual-47
1470 0 0 255 255
Visual-48
1480 0 0 255 255
Visual-49
1490 0 0 255 255
Visual-50
1500 0 0 255 255
Visual-51
1510 0 0 255 255
Visual-52
1520 0 0 255 255
Visual-53
1530 0 0 255 255
Visual-54
1540 0 0 255 255
Visual-55
1550 0 0 255 255
Visual-56
1560 0 0 255 255
Visual-57
1570 0 0 255 255
Visual-58
1580 0 0 255 255
Visual-59
1590 0 0 255 255
Visual-60
1600 0 0 255 255
Visual-61
1610 0 0 255 255
Visual-62
1620 0 0 255 255
Visual-63
1630 0 0 255 255
Visual2-1
2010 100 0 255 255
Visual2-2
2020 100 0 255 255
Visual2-3
2030 100 0 255 255
Visual2-4
2040 100 0 255 255
Visual2-5
2050 100 0 255 255
Visual2-6
2060 100 0 255 255
Visual2-7
2070 100 0 255 255
Visual2-8
2080 100 0 255 255
Visual2-9
2090 100 0 255 255
Visual2-10
2100 100 0 255 255
Visual2-11
2110 100 0 255 255
Visual2-12
2120 100 0 255 255
Visual2-13
2130 100 0 255 255
Visual2-14
2140 100 0 255 255
Visual2-15
2150 100 0 255 255
Visual2-16
2160 100 0 255 255
Visual2-17
2170 100 0 255 255
Visual2-18
2180 100 0 255 255
Visual2-19
2190 100 0 255 255
Visual2-20
2200 100 0 255 255
Visual2-21
2210 100 0 255 255
Visual2-22
2220 100 0 255 255
Visual2-23
2230 100 0 255 255
Visual2-24
2240 100 0 255 255
Visual2-25
2250 100 0 255 255
Visual2-26
2260 100 0 255 255
Visual2-27
2270 100 0 255 255
Visual2-28
2280 100 0 255 255
Visual2-29
2290 100 0 255 255
Somatomotor-1
3010 0 255 255 255
Somatomotor-2
3020 0 255 255 255
Somatomotor-3
3030 0 255 255 255
Somatomotor-4
3040 0 255 255 255
Somatomotor-5
3050 0 255 255 255
Somatomotor-6
3060 0 255 255 255
Somatomotor-7
3070 0 255 255 255
Somatomotor-8
3080 0 255 255 255
Somatomotor-9
3090 0 255 255 255
Somatomotor-10
3100 0 255 255 255
Somatomotor-11
3110 0 255 255 255
Somatomotor-12
3120 0 255 255 255
Somatomotor-13
3130 0 255 255 255
Somatomotor-14
3140 0 255 255 255
Somatomotor-15
3150 0 255 255 255
Somatomotor-16
3160 0 255 255 255
Somatomotor-17
3170 0 255 255 255
Somatomotor-18
3180 0 255 255 255
Somatomotor-19
3190 0 255 255 255
Somatomotor-20
3200 0 255 255 255
Somatomotor-21
3210 0 255 255 255
Somatomotor-22
3220 0 255 255 255
Somatomotor-23
3230 0 255 255 255
Somatomotor-24
3240 0 255 255 255
Somatomotor-25
3250 0 255 255 255
Somatomotor-26
3260 0 255 255 255
Somatomotor-27
3270 0 255 255 255
Somatomotor-28
3280 0 255 255 255
Cingulo-Opercular-1
4010 153 0 153 255
Cingulo-Opercular-2
4020 153 0 153 255
Cingulo-Opercular-3
4030 153 0 153 255
Cingulo-Opercular-4
4040 153 0 153 255
Cingulo-Opercular-5
4050 153 0 153 255
Cingulo-Opercular-6
4060 153 0 153 255
Cingulo-Opercular-7
4070 153 0 153 255
Cingulo-Opercular-8
4080 153 0 153 255
Cingulo-Opercular-9
4090 153 0 153 255
Cingulo-Opercular-10
4100 153 0 153 255
Cingulo-Opercular-11
4110 153 0 153 255
Cingulo-Opercular-12
4120 153 0 153 255
Cingulo-Opercular-13
4130 153 0 153 255
Cingulo-Opercular-14
4140 153 0 153 255
Cingulo-Opercular-15
4150 153 0 153 255
Cingulo-Opercular-16
4160 153 0 153 255
Cingulo-Opercular-17
4170 153 0 153 255
Cingulo-Opercular-18
4180 153 0 153 255
Cingulo-Opercular-19
4190 153 0 153 255
Cingulo-Opercular-20
4200 153 0 153 255
Cingulo-Opercular-21
4210 153 0 153 255
Cingulo-Opercular-22
4220 153 0 153 255
Cingulo-Opercular-23
4230 153 0 153 255
Cingulo-Opercular-24
4240 153 0 153 255
Cingulo-Opercular-25
4250 153 0 153 255
Cingulo-Opercular-26
4260 153 0 153 255
Cingulo-Opercular-27
4270 153 0 153 255
Cingulo-Opercular-28
4280 153 0 153 255
Cingulo-Opercular-29
4290 153 0 153 255
Cingulo-Opercular-30
4300 153 0 153 255
Cingulo-Opercular-31
4310 153 0 153 255
Cingulo-Opercular-32
4320 153 0 153 255
Cingulo-Opercular-33
4330 153 0 153 255
Cingulo-Opercular-34
4340 153 0 153 255
Cingulo-Opercular-35
4350 153 0 153 255
Cingulo-Opercular-36
4360 153 0 153 255
Cingulo-Opercular-37
4370 153 0 153 255
Cingulo-Opercular-38
4380 153 0 153 255
Cingulo-Opercular-39
4390 153 0 153 255
Dorsal Attention-1
5010 0 255 0 255
Dorsal Attention-2
5020 0 255 0 255
Dorsal Attention-3
5030 0 255 0 255
Dorsal Attention-4
5040 0 255 0 255
Dorsal Attention-5
5050 0 255 0 255
Dorsal Attention-6
5060 0 255 0 255
Dorsal Attention-7
5070 0 255 0 255
Dorsal Attention-8
5080 0 255 0 255
Dorsal Attention-9
5090 0 255 0 255
Dorsal Attention-10
5100 0 255 0 255
Dorsal Attention-11
5110 0 255 0 255
Dorsal Attention-12
5120 0 255 0 255
Dorsal Attention-13
5130 0 255 0 255
Dorsal Attention-14
5140 0 255 0 255
Dorsal Attention-15
5150 0 255 0 255
Dorsal Attention-16
5160 0 255 0 255
Dorsal Attention-17
5170 0 255 0 255
Dorsal Attention-18
5180 0 255 0 255
Dorsal Attention-19
5190 0 255 0 255
Dorsal Attention-20
5200 0 255 0 255
Dorsal Attention-21
5210 0 255 0 255
Dorsal Attention-22
5220 0 255 0 255
Dorsal Attention-23
5230 0 255 0 255
Dorsal Attention-24
5240 0 255 0 255
Language-1
6010 0 155 155 255
Language-2
6020 0 155 155 255
Language-3
6030 0 155 155 255
Language-4
6040 0 155 155 255
Language-5
6050 0 155 155 255
Language-6
6060 0 155 155 255
Language-7
6070 0 155 155 255
Language-8
6080 0 155 155 255
Language-9
6090 0 155 155 255
Language-10
6100 0 155 155 255
Language-11
6110 0 155 155 255
Language-12
6120 0 155 155 255
Language-13
6130 0 155 155 255
Language-14
6140 0 155 155 255
Frontoparietal-1
7010 255 255 0 255
Frontoparietal-2
7020 255 255 0 255
Frontoparietal-3
7030 255 255 0 255
Frontoparietal-4
7040 255 255 0 255
Frontoparietal-5
7050 255 255 0 255
Frontoparietal-6
7060 255 255 0 255
Frontoparietal-7
7070 255 255 0 255
Frontoparietal-8
7080 255 255 0 255
Frontoparietal-9
7090 255 255 0 255
Frontoparietal-10
7100 255 255 0 255
Frontoparietal-11
7110 255 255 0 255
Frontoparietal-12
7120 255 255 0 255
Frontoparietal-13
7130 255 255 0 255
Frontoparietal-14
7140 255 255 0 255
Frontoparietal-15
7150 255 255 0 255
Frontoparietal-16
7160 255 255 0 255
Frontoparietal-17
7170 255 255 0 255
Frontoparietal-18
7180 255 255 0 255
Frontoparietal-19
7190 255 255 0 255
Frontoparietal-20
7200 255 255 0 255
Frontoparietal-21
7210 255 255 0 255
Frontoparietal-22
7220 255 255 0 255
Frontoparietal-23
7230 255 255 0 255
Frontoparietal-24
7240 255 255 0 255
Frontoparietal-25
7250 255 255 0 255
Frontoparietal-26
7260 255 255 0 255
Frontoparietal-27
7270 255 255 0 255
Frontoparietal-28
7280 255 255 0 255
Frontoparietal-29
7290 255 255 0 255
Frontoparietal-30
7300 255 255 0 255
Frontoparietal-31
7310 255 255 0 255
Frontoparietal-32
7320 255 255 0 255
Frontoparietal-33
7330 255 255 0 255
Frontoparietal-34
7340 255 255 0 255
Frontoparietal-35
7350 255 255 0 255
Frontoparietal-36
7360 255 255 0 255
Frontoparietal-37
7370 255 255 0 255
Frontoparietal-38
7380 255 255 0 255
Frontoparietal-39
7390 255 255 0 255
Frontoparietal-40
7400 255 255 0 255
Frontoparietal-41
7410 255 255 0 255
Frontoparietal-42
7420 255 255 0 255
Frontoparietal-43
7430 255 255 0 255
Frontoparietal-44
7440 255 255 0 255
Frontoparietal-45
7450 255 255 0 255
Frontoparietal-46
7460 255 255 0 255
Frontoparietal-47
7470 255 255 0 255
Frontoparietal-48
7480 255 255 0 255
Auditory-1
8010 250 62 251 255
Auditory-2
8020 250 62 251 255
Auditory-3
8030 250 62 251 255
Auditory-4
8040 250 62 251 255
Auditory-5
8050 250 62 251 255
Auditory-6
8060 250 62 251 255
Auditory-7
8070 250 62 251 255
Auditory-8
8080 250 62 251 255
Auditory-9
8090 250 62 251 255
Auditory-10
8100 250 62 251 255
Auditory-11
8110 250 62 251 255
Auditory-12
8120 250 62 251 255
Auditory-13
8130 250 62 251 255
Auditory-14
8140 250 62 251 255
Auditory-15
8150 250 62 251 255
Auditory-16
8160 250 62 251 255
Auditory-17
8170 250 62 251 255
Auditory-18
8180 250 62 251 255
Auditory-19
8190 250 62 251 255
Auditory-20
8200 250 62 251 255
Auditory-21
8210 250 62 251 255
Auditory-22
8220 250 62 251 255
Auditory-23
8230 250 62 251 255
Auditory-24
8240 250 62 251 255
Auditory-25
8250 250 62 251 255
Auditory-26
8260 250 62 251 255
Auditory-27
8270 250 62 251 255
Auditory-28
8280 250 62 251 255
Auditory-29
8290 250 62 251 255
Auditory-30
8300 250 62 251 255
Auditory-31
8310 250 62 251 255
Default-1
9010 255 0 0 255
Default-2
9020 255 0 0 255
Default-3
9030 255 0 0 255
Default-4
9040 255 0 0 255
Default-5
9050 255 0 0 255
Default-6
9060 255 0 0 255
Default-7
9070 255 0 0 255
Default-8
9080 255 0 0 255
Default-9
9090 255 0 0 255
Default-10
9100 255 0 0 255
Default-11
9110 255 0 0 255
Default-12
9120 255 0 0 255
Default-13
9130 255 0 0 255
Default-14
9140 255 0 0 255
Default-15
9150 255 0 0 255
Default-16
9160 255 0 0 255
Default-17
9170 255 0 0 255
Default-18
9180 255 0 0 255
Default-19
9190 255 0 0 255
Default-20
9200 255 0 0 255
Default-21
9210 255 0 0 255
Default-22
9220 255 0 0 255
Default-23
9230 255 0 0 255
Default-24
9240 255 0 0 255
Default-25
9250 255 0 0 255
Default-26
9260 255 0 0 255
Default-27
9270 255 0 0 255
Default-28
9280 255 0 0 255
Default-29
9290 255 0 0 255
Default-30
9300 255 0 0 255
Default-31
9310 255 0 0 255
Default-32
9320 255 0 0 255
Posterior Multimodal-1
10010 177 89 40 255
Posterior Multimodal-2
10020 177 89 40 255
Posterior Multimodal-3
10030 177 89 40 255
Posterior Multimodal-4
10040 177 89 40 255
Posterior Multimodal-5
10050 177 89 40 255
Posterior Multimodal-6
10060 177 89 40 255
Posterior Multimodal-7
10070 177 89 40 255
Posterior Multimodal-8
10080 177 89 40 255
Posterior Multimodal-9
10090 177 89 40 255
Posterior Multimodal-10
10100 177 89 40 255
Posterior Multimodal-11
10110 177 89 40 255
Posterior Multimodal-12
10120 177 89 40 255
Posterior Multimodal-13
10130 177 89 40 255
Posterior Multimodal-14
10140 177 89 40 255
Posterior Multimodal-15
10150 177 89 40 255
Posterior Multimodal-16
10160 177 89 40 255
Posterior Multimodal-17
10170 177 89 40 255
Posterior Multimodal-18
10180 177 89 40 255
Posterior Multimodal-19
10190 177 89 40 255
Posterior Multimodal-20
10200 177 89 40 255
Posterior Multimodal-21
10210 177 89 40 255
Posterior Multimodal-22
10220 177 89 40 255
Posterior Multimodal-23
10230 177 89 40 255
Posterior Multimodal-24
10240 177 89 40 255
Posterior Multimodal-25
10250 177 89 40 255
Posterior Multimodal-26
10260 177 89 40 255
Posterior Multimodal-27
10270 177 89 40 255
Posterior Multimodal-28
10280 177 89 40 255
Posterior Multimodal-29
10290 177 89 40 255
Ventral Multimodal-1
11010 255 157 0 255
Ventral Multimodal-2
11020 255 157 0 255
Ventral Multimodal-3
11030 255 157 0 255
Ventral Multimodal-4
11040 255 157 0 255
Orbito-Affective-1
12010 65 125 0 168
Orbito-Affective-2
12020 65 125 0 168
Orbito-Affective-3
12030 65 125 0 168
Orbito-Affective-4
12040 65 125 0 168
Orbito-Affective-5
12050 65 125 0 168
Orbito-Affective-6
12060 65 125 0 168
Orbito-Affective-7
12070 65 125 0 168
Orbito-Affective-8
12080 65 125 0 168
Orbito-Affective-9
12090 65 125 0 168
Orbito-Affective-10
12100 65 125 0 168
Orbito-Affective-11
12110 65 125 0 168
Orbito-Affective-12
12120 65 125 0 168
Orbito-Affective-13
12130 65 125 0 168
Orbito-Affective-14
12140 65 125 0 168
Orbito-Affective-15
12150 65 125 0 168
Orbito-Affective-16
12160 65 125 0 168
Orbito-Affective-17
12170 65 125 0 168
